mean: 0.19545714854531915
std: 0.882019397367322
