mean: 0.10531987741740235
std: 0.9862547896085467
